f1: 0.763068-0.770538
f2: 0.681297-0.976126
f3: 0.000000-0.064820-0.767055
f4: 0.655651-0.447045-0.401694-0.267493
f5: 0.000000-0.930778-0.911006-0.217167
f6: 0.696891-0.181980-0.705919-0.714656-0.086635
f7: 0.067501-0.512119-0.228262-0.241837-0.440188-0.753104
f8: 0.620110-0.282540-0.738629-0.200575-0.859003-0.369573-0.537659-0.909557