f1: 0.763498-0.772712
f2: 0.680002-0.979152
f3: 0.020695-0.083083-0.772557
f4: 0.665118-0.446014-0.400714-0.266304
f5: 0.009439-0.911398-0.894800-0.204136
f6: 0.694232-0.183124-0.704366-0.715725-0.092108
f7: 0.067143-0.512198-0.228123-0.241964-0.440204-0.753166
f8: 0.625899-0.282463-0.738274-0.200641-0.858927-0.369748-0.538556-0.909239