f1: 0.761388-0.760827
f2: 0.687536-0.962978
f3: 0.082979-0.091394-0.769355
f4: 0.593214-0.447382-0.401967-0.267845
f5: 0.080945-0.959391-1.000000-0.240890
f6: 0.735327-0.181416-0.706695-0.713782-0.083514
f7: 0.069081-0.511896-0.228877-0.241124-0.440211-0.752939
f8: 0.619136-0.282843-0.739453-0.200199-0.859441-0.369067-0.535848-0.910215