f1: 0.500000-0.500000
f2: 0.689966-0.962975
f3: 0.356209-0.374925-0.581767
f4: 0.500000-0.500000-0.500000-0.500000
f5: 0.002832-0.973419-0.968440-0.216648
f6: 0.558270-0.404937-0.561310-0.564718-0.377632
f7: 0.067072-0.512219-0.228091-0.241992-0.440217-0.753181
f8: 0.626135-0.282441-0.738151-0.200661-0.858883-0.369792-0.538738-0.909174