f1: 0.765673-0.752339
f2: 0.696609-0.952190
f3: 0.123902-0.194035-0.658389
f4: 0.593214-0.447382-0.401967-0.267845
f5: 0.206807-0.865682-0.903216-0.432996
f6: 0.734003-0.181054-0.708722-0.712103-0.080871
f7: 0.069200-0.511656-0.228650-0.240799-0.441055-0.751424
f8: 0.620098-0.279836-0.739768-0.200590-0.860279-0.370166-0.535792-0.909822