f1: 0.763258-0.771815
f2: 0.680550-0.977888
f3: 0.036581-0.082499-0.767901
f4: 0.659808-0.446963-0.401546-0.267322
f5: 0.027642-0.917125-0.895023-0.210326
f6: 0.695919-0.182434-0.705270-0.715099-0.089242
f7: 0.067285-0.512155-0.228187-0.241907-0.440178-0.753137
f8: 0.625427-0.282507-0.738520-0.200601-0.859015-0.369660-0.538192-0.909369