f1: 0.556941-0.443806
f2: 0.697937-0.950033
f3: 0.356209-0.374925-0.581767
f4: 0.442440-0.519960-0.518859-0.548299
f5: 0.175646-1.000000-1.000000-0.380360
f6: 0.640859-0.271435-0.647686-0.654947-0.204598
f7: 0.067072-0.512219-0.228091-0.241992-0.440217-0.753181
f8: 0.626135-0.282441-0.738151-0.200661-0.858883-0.369792-0.538738-0.909174