f1: 0.349111-0.630852
f2: 0.690550-0.961840
f3: 0.273523-0.298776-0.623894
f4: 0.440903-0.517876-0.518818-0.547334
f5: 0.047119-0.984722-0.987729-0.278121
f6: 0.657130-0.252524-0.660170-0.667280-0.179198
f7: 0.066001-0.512530-0.227725-0.242639-0.439951-0.753903
f8: 0.622865-0.282057-0.738689-0.200570-0.859197-0.369749-0.537533-0.909503