f1: 0.443059-0.556194
f2: 0.693570-0.957036
f3: 0.305832-0.331474-0.604222
f4: 0.477162-0.504537-0.496234-0.493507
f5: 0.084126-0.970585-0.983333-0.318387
f6: 0.674376-0.227751-0.676295-0.683841-0.146724
f7: 0.067472-0.512184-0.228182-0.241859-0.440330-0.753033
f8: 0.624687-0.282283-0.738365-0.200634-0.858982-0.369802-0.538191-0.909306