f1: 0.500000-0.500000
f2: 0.696609-0.952190
f3: 0.360000-0.380000-0.575000
f4: 0.500000-0.500000-0.500000-0.500000
f5: 0.100000-0.940000-0.950000-0.350000
f6: 0.640859-0.271435-0.647686-0.654947-0.204598
f7: 0.069081-0.511896-0.228877-0.241124-0.440211-0.752939
f8: 0.619136-0.282843-0.739453-0.200199-0.859441-0.369067-0.535848-0.910215