f1: 0.762600-0.767371
f2: 0.682760-0.971612
f3: 0.026319-0.000000-0.768505
f4: 0.593214-0.447382-0.401967-0.267845
f5: 0.000000-1.000000-1.000000-0.222010
f6: 0.735327-0.181416-0.706695-0.713782-0.083514
f7: 0.068034-0.512029-0.228426-0.241632-0.440205-0.753032
f8: 0.620110-0.282540-0.738629-0.200575-0.859003-0.369573-0.537659-0.909557